52;2022.01.01.;6;25;47;55;86
51;2021.12.25.;5;31;34;42;63
50;2021.12.18.;2;13;33;60;62
49;2021.12.11.;12;33;56;64
48;2021.12.04.;4;17;52;56;71
47;2021.11.27.;42;48;53;57;64
46;2021.11.20.;13;22;27;32;35
45;2021.11.13.;25;52;72;76;90
44;2021.11.06.;4;29;65;69;79
43;2021.10.30.;6;12;54;64;74
42;2021.10.23.;5;14;24;34;79
41;2021.10.16.;22;49;64;73;86
40;2021.10.09.;6;15;30;65;72
39;2021.10.02.;17;25;30;31;48
38;2021.09.25.;9;20;64;70;76
37;2021.09.18.;51;54;57;74;89
36;2021.09.11.;15;36;50;55;65
35;2021.09.04.;32;49;73;77
34;2021.08.28.;3;13;30;32;38
33;2021.08.21.;28;43;45;47;62
32;2021.08.14.;7;51;55;59;86
31;2021.08.07.;2;10;37;42;56;74
30;2021.07.31.;16;37;38;41;69
29;2021.07.24.;29;63;71;75;77
28;2021.07.17.;27;34;38;51;62
27;2021.07.10.;1;11;37;49;75
26;2021.07.03.;1;16;29;30;58
25;2021.06.26.;27;41;49;63
24;2021.06.19.;49;70;75;78;79
23;2021.06.12.;5;13;16;81;87
22;2021.06.05.;9;32;47;72;81
21;2021.05.29.;21;49;50;58;84
20;2021.05.22.;8;21;57;77;80
19;2021.05.15.;26;33;44;73;85
18;2021.05.08.;3;28;62;76;90
17;2021.05.01.;10;39;65;70;90
16;2021.04.24.;13;17;34;50;61
15;2021.04.17.;40;42;45;50;86
14;2021.04.10.;3;20;36;41;55
13;2021.04.03.;6;32;39;44;76
12;2021.03.27.;29;34;69;86;89
11;2021.03.20.;15;32;73;78;83
10;2021.03.13.;1;36;51;59;62
9;2021.03.06.;3;9;26;39;86
8;2021.02.27.;32;45;51;73;75
7;2021.02.20.;5;50;53;55;56
6;2021.02.13.;26;45;48;78;79
5;2021.02.06.;11;24;30;45;66
4;2021.01.30.;9;19;41;55
3;2021.01.23.;2;34;52;63;85
2;2021.01.16.;19;23;45;57;78
1;2021.01.09.;19;32;34;37;39



